20
31 55 36 9 2 16 93 91 71 46 77 91 55 37 57 37 42 25 55 43 
5 41 72 46 94 46 80 51 41 9 49 6 62 86 73 56 4 78 55 26 
12 56 62 9 61 14 37 12 63 54 55 87 73 46 95 26 27 30 53 81 
79 58 16 14 26 91 79 18 32 7 11 85 59 19 50 44 57 86 51 58 
47 40 18 82 43 5 32 88 86 84 83 24 33 70 73 88 27 58 20 48 
97 97 51 80 94 38 87 32 93 42 60 92 69 39 64 91 96 87 37 41 
62 59 25 5 13 76 71 11 32 35 38 77 5 75 14 91 3 89 47 90 
46 39 24 83 96 2 33 86 55 48 11 92 5 18 72 73 13 80 56 10 
88 24 51 86 90 58 2 32 26 44 6 94 25 1 43 44 15 55 38 24 
51 43 35 64 38 22 68 16 37 63 16 0 62 52 55 29 61 64 41 70 
47 18 56 36 66 86 34 81 52 97 85 73 73 46 73 32 7 78 79 35 
31 54 11 27 27 85 27 88 13 83 19 18 93 14 81 33 92 7 67 85 
13 32 92 49 96 30 54 86 14 75 62 39 45 34 24 5 36 16 35 22 
53 6 68 63 43 47 4 73 66 3 8 37 27 48 62 43 49 40 20 6 
62 64 34 50 99 83 16 2 10 45 85 54 88 50 2 81 35 38 63 54 
56 52 83 40 4 71 33 68 84 22 66 75 61 75 65 36 19 81 9 46 
71 45 65 0 54 54 88 72 34 37 71 90 29 40 98 80 92 85 27 68 
72 14 30 39 10 29 53 21 66 30 22 74 76 75 83 78 38 97 97 57 
38 88 41 1 64 36 19 10 41 96 71 32 40 54 48 28 27 19 41 46 
43 30 5 99 31 59 94 73 54 59 26 92 38 32 17 48 5 46 39 26 
