20
53 23 79 83 87 16 88 9 89 82 42 7 51 57 50 71 88 99 1 69 
28 74 46 31 79 70 89 72 57 12 87 42 93 74 6 59 2 58 0 39 
51 44 43 5 61 38 21 49 39 35 86 87 87 88 65 98 71 7 46 37 
54 71 64 71 7 84 61 75 33 22 2 40 30 11 68 60 32 36 61 21 
5 29 97 53 68 4 42 98 44 15 79 97 42 51 29 88 41 89 53 88 
24 15 72 82 41 51 85 51 85 53 22 55 33 46 26 96 45 13 78 49 
63 9 96 44 64 86 36 16 7 57 7 5 63 43 75 23 90 68 73 54 
66 35 31 67 2 5 31 15 89 8 78 58 74 37 40 29 79 31 82 80 
24 7 17 66 98 79 69 93 85 42 1 86 89 22 43 71 53 51 65 0 
17 78 28 77 35 42 25 46 85 7 93 52 76 64 83 83 46 53 77 36 
27 84 99 56 88 76 33 61 33 42 98 6 38 89 65 34 18 76 28 84 
74 89 82 98 91 7 56 59 16 36 1 51 39 50 34 10 0 30 9 11 
37 55 53 92 92 56 98 99 29 98 27 44 17 76 33 23 16 15 25 87 
76 23 69 33 86 50 36 9 33 27 62 23 92 87 18 0 78 30 89 37 
63 66 59 77 81 74 47 47 15 20 27 31 34 53 93 25 62 35 71 32 
50 36 22 68 19 70 51 80 50 36 14 97 62 20 3 38 13 88 59 25 
22 8 24 20 13 65 91 86 20 71 41 6 55 8 4 68 27 51 6 34 
44 59 78 64 46 27 3 81 41 90 51 2 94 91 91 84 39 93 64 74 
63 74 6 33 2 61 25 94 58 55 69 78 32 30 25 47 31 25 37 84 
52 14 79 12 33 47 94 44 58 57 29 53 34 99 44 4 24 9 85 36 
