20
63 69 15 34 44 44 26 98 65 91 10 13 96 94 45 58 74 68 35 97 
46 4 60 52 37 57 95 45 56 14 59 38 39 30 87 85 91 33 46 58 
95 37 97 45 23 39 41 26 80 19 97 44 98 71 70 3 94 13 17 13 
12 56 4 11 1 29 3 68 26 59 83 48 26 7 10 51 76 62 89 12 
45 42 37 39 50 0 22 56 69 85 88 21 82 94 17 4 48 17 13 29 
16 34 53 12 93 10 9 85 42 24 12 57 48 68 37 79 40 95 22 52 
69 71 57 17 95 14 39 6 76 78 55 41 19 71 58 69 29 88 80 21 
35 91 18 16 19 22 66 95 18 66 56 89 8 0 31 13 15 73 77 81 
36 61 7 30 77 5 52 25 26 87 3 72 33 18 22 41 34 67 19 44 
68 93 25 88 70 87 67 30 30 8 69 84 60 86 72 54 10 42 8 47 
95 79 54 52 77 46 53 19 9 5 71 73 81 92 5 86 40 28 16 58 
20 53 49 67 11 53 12 75 11 62 16 9 19 73 71 8 22 41 64 18 
90 18 0 84 9 62 44 6 0 64 37 26 37 14 83 4 16 16 24 90 
54 48 41 6 51 99 77 62 21 53 23 88 94 72 77 12 57 85 15 76 
23 6 37 93 86 25 88 80 93 23 94 28 75 48 15 16 56 32 8 47 
38 41 61 70 57 51 67 20 33 48 89 68 1 82 2 28 2 94 32 74 
73 31 29 71 24 81 8 77 65 9 19 43 83 59 22 87 71 46 92 12 
38 96 98 66 25 21 96 57 3 9 65 54 96 59 43 84 63 57 57 53 
10 23 90 50 59 11 98 65 98 32 76 82 29 0 58 3 39 40 58 34 
69 72 48 19 11 80 20 84 58 17 74 26 64 43 92 86 44 29 64 42 
