20
64 40 81 4 77 91 52 70 88 47 78 45 75 55 2 38 55 54 96 75 
37 43 14 21 18 4 49 44 41 42 41 45 34 81 11 69 71 81 74 70 
86 27 31 82 52 84 28 71 53 47 4 18 66 1 15 80 47 27 58 72 
38 22 89 17 7 53 15 79 5 79 99 57 64 99 74 51 40 77 80 99 
69 2 10 97 68 74 76 6 43 9 1 70 80 22 46 57 65 48 72 99 
9 82 30 51 37 69 87 69 70 26 24 25 63 95 56 97 3 93 24 86 
49 37 40 75 66 12 61 97 85 15 42 91 88 36 40 86 91 27 22 6 
97 22 16 89 59 59 60 21 70 14 57 44 68 74 37 34 87 40 50 39 
6 49 69 75 69 8 22 19 0 41 48 2 61 82 18 20 49 32 94 42 
71 4 87 42 16 89 91 11 55 25 82 72 82 7 69 28 36 46 71 77 
96 88 78 35 43 84 21 27 21 70 56 15 3 52 48 68 56 80 78 91 
28 3 29 62 38 49 71 30 10 46 95 8 11 81 36 77 17 66 22 50 
37 48 12 56 99 60 79 60 9 76 12 59 70 4 71 74 71 81 38 68 
80 39 74 34 78 45 91 98 63 26 30 61 8 93 62 86 33 54 88 25 
50 35 41 47 19 67 14 87 57 43 96 8 70 91 23 25 0 73 68 66 
17 9 27 87 92 5 70 61 70 82 43 8 87 79 63 75 67 30 54 89 
42 84 32 46 33 14 86 55 18 17 28 48 5 36 69 80 10 92 63 64 
76 71 34 38 27 73 36 91 33 24 21 86 38 59 96 93 15 91 82 3 
44 10 52 7 9 44 83 39 28 96 8 59 26 16 44 32 59 26 43 50 
80 47 85 47 2 98 61 82 56 89 55 99 47 75 32 2 20 93 65 26 
