20
23 22 16 68 87 74 7 64 31 10 3 83 14 0 56 16 14 12 75 37 
86 41 70 92 42 59 71 83 40 35 22 70 65 35 96 32 51 44 40 2 
59 3 26 58 81 92 45 94 17 11 31 46 66 42 11 56 9 32 53 13 
87 48 87 28 89 79 15 25 10 26 72 28 3 23 10 89 7 9 57 76 
37 66 54 59 38 75 7 3 40 32 60 31 72 41 64 47 10 20 65 77 
18 55 0 17 67 11 77 28 45 19 86 46 98 78 74 45 32 36 5 57 
74 10 26 33 45 2 18 70 40 36 67 29 13 93 99 76 70 63 69 80 
4 16 61 29 27 0 91 43 64 31 25 11 2 25 21 28 32 51 4 57 
12 70 10 68 26 18 7 75 48 38 86 89 76 80 85 54 80 82 34 11 
65 58 30 47 39 19 80 83 4 63 62 17 93 85 52 60 68 51 45 61 
82 53 28 41 68 23 95 28 78 55 29 97 4 77 7 19 42 41 54 85 
21 23 30 80 38 23 41 32 27 97 9 37 83 94 59 52 59 70 47 41 
70 55 47 31 95 12 75 47 32 27 21 80 41 26 8 40 22 10 49 67 
91 1 73 47 98 64 19 51 55 39 45 18 4 39 70 90 72 17 86 31 
83 11 30 55 65 68 98 24 68 33 78 71 27 72 23 96 25 50 18 35 
31 51 97 33 25 12 55 93 26 21 64 15 17 0 17 34 6 40 34 86 
31 14 26 7 20 55 54 92 40 87 14 91 24 80 21 33 63 95 96 81 
89 49 32 52 71 37 30 44 7 48 47 9 12 97 48 81 45 97 77 69 
72 54 12 62 58 3 14 63 34 97 49 99 69 92 52 75 35 49 3 0 
13 10 59 85 55 44 76 86 88 57 47 90 54 7 49 20 3 54 98 24 
