20
36 12 69 54 78 22 51 86 92 24 39 45 84 57 96 28 1 82 69 23 
46 22 72 60 99 16 40 94 90 53 84 9 10 85 19 1 88 6 86 5 
58 15 54 44 67 0 87 27 32 45 58 50 35 34 94 36 86 0 82 27 
19 99 10 45 17 28 84 59 34 96 60 61 18 11 3 33 32 19 65 94 
99 94 72 2 72 31 66 3 79 52 54 48 87 56 43 33 59 85 61 40 
0 20 95 52 24 19 83 29 18 82 8 57 45 12 41 90 83 21 66 52 
62 76 2 69 17 33 23 54 0 29 51 88 13 56 78 60 78 82 42 46 
7 37 96 0 6 68 84 75 60 16 26 71 58 94 64 29 63 67 18 43 
67 5 26 88 14 44 45 35 59 88 17 50 71 74 11 88 53 13 93 36 
52 12 46 32 55 45 64 6 23 51 17 48 69 21 84 70 73 78 26 53 
11 84 17 77 33 11 16 93 41 83 70 59 83 35 19 48 29 33 74 7 
64 4 40 18 1 7 85 70 77 52 18 77 68 97 88 34 83 42 50 3 
48 0 71 30 28 14 98 66 87 77 53 32 30 12 95 56 62 41 87 30 
26 55 54 29 21 71 25 55 69 94 56 77 98 67 97 57 16 78 18 33 
49 19 87 5 86 17 7 75 88 23 15 71 5 94 28 27 7 58 18 3 
31 11 6 27 50 68 26 36 81 79 8 41 28 98 12 45 17 42 90 94 
36 6 90 1 60 22 44 97 69 25 37 14 57 23 66 21 83 9 45 95 
58 61 30 92 34 80 52 38 67 71 8 68 27 49 12 13 3 99 85 81 
56 18 91 47 86 91 78 63 5 62 54 31 15 49 84 18 86 73 70 61 
84 30 55 81 83 23 35 74 72 93 31 55 13 6 91 92 42 90 75 34 
