20
5 58 94 60 42 85 35 12 52 6 99 48 44 2 62 54 64 58 22 55 
13 68 3 74 99 45 80 27 1 68 94 55 98 77 29 78 82 3 96 60 
48 99 43 7 53 15 65 43 33 1 86 22 70 76 25 30 40 34 75 67 
97 76 40 94 47 64 36 18 65 51 40 8 93 9 68 55 77 52 53 37 
79 0 65 83 49 19 56 38 78 28 58 32 47 75 47 57 21 66 65 7 
62 7 73 54 4 46 2 20 57 65 24 85 1 15 72 9 54 34 45 45 
64 91 25 44 47 23 46 72 1 56 41 96 43 70 82 95 46 16 93 53 
31 84 37 7 80 36 49 90 71 48 75 85 76 40 56 46 45 76 6 64 
26 55 16 69 57 66 96 27 35 89 84 0 71 95 69 84 69 27 68 84 
6 22 59 97 70 31 74 95 23 63 55 16 77 61 72 87 51 52 5 60 
44 92 28 8 40 10 33 53 97 70 47 24 88 12 83 53 74 77 75 59 
67 30 89 10 79 44 54 11 88 3 26 99 41 80 76 24 89 4 12 1 
67 14 63 49 8 86 32 41 99 44 38 3 5 99 6 88 17 5 55 99 
75 14 73 75 83 51 56 98 61 76 98 51 20 50 73 48 30 57 57 53 
28 82 15 88 31 60 69 96 35 93 37 68 69 73 21 2 1 3 49 58 
94 35 42 57 57 29 74 68 34 20 12 14 89 2 71 5 5 94 72 84 
88 61 49 12 23 76 31 8 45 2 42 59 62 20 12 9 59 76 61 3 
55 60 50 97 75 11 44 99 53 70 15 80 27 51 86 52 39 16 0 63 
46 48 53 86 18 38 36 42 46 30 15 31 94 21 30 94 36 72 12 69 
39 55 18 50 64 10 92 71 18 18 74 68 12 32 5 28 7 4 60 46 
