20
54 67 71 0 97 56 79 90 39 14 73 30 25 86 6 65 92 83 7 71 
65 33 27 86 56 13 20 28 30 36 85 95 45 79 49 40 10 57 80 88 
38 94 31 35 76 80 60 28 60 25 28 23 29 2 6 31 74 85 38 69 
93 61 68 96 19 10 39 21 11 97 39 59 21 65 90 92 27 71 74 89 
92 97 34 28 79 75 2 91 18 87 89 34 84 89 46 64 25 76 20 13 
27 85 4 26 84 25 70 77 52 66 66 79 42 40 15 43 95 50 84 93 
74 86 3 49 64 32 22 1 19 7 62 80 87 72 40 21 30 44 87 99 
28 54 7 13 73 78 50 2 13 9 59 57 77 60 37 73 76 89 87 77 
45 81 11 10 32 49 8 35 84 84 82 60 46 38 92 8 98 38 63 1 
97 24 94 16 33 77 82 75 99 18 7 9 32 79 39 54 65 3 88 25 
13 64 24 51 36 2 16 17 96 94 45 65 46 46 55 9 34 78 6 50 
99 94 16 57 27 55 4 59 50 71 22 11 45 76 51 18 57 34 21 1 
76 81 19 51 57 39 40 76 77 14 93 69 70 0 35 93 94 14 21 40 
32 80 77 74 18 85 11 62 99 51 91 73 3 48 8 83 47 98 14 83 
95 80 65 11 65 18 82 69 69 86 59 57 37 7 82 47 75 23 30 18 
43 57 94 41 44 2 65 89 41 71 39 41 59 13 70 63 13 11 82 64 
94 31 22 70 35 66 85 3 64 36 25 18 78 74 92 47 95 77 27 36 
20 32 69 36 38 85 2 54 22 22 46 81 9 16 78 66 13 56 63 10 
61 26 90 81 73 54 74 35 45 29 85 3 4 62 84 59 0 95 18 35 
57 80 15 59 91 72 15 65 53 66 36 64 72 2 98 13 45 70 1 72 
