20
97 56 70 4 82 66 66 35 1 80 5 58 75 25 35 67 64 4 29 66 
74 86 30 90 35 28 22 97 85 72 45 67 61 11 65 11 43 37 32 24 
81 85 9 27 95 62 62 79 5 11 69 76 76 74 63 64 61 25 59 14 
84 60 18 63 59 65 3 56 76 66 91 64 67 95 59 34 59 96 64 86 
9 71 30 45 70 24 84 47 48 25 42 71 50 54 34 34 79 43 5 41 
24 81 14 64 19 41 23 58 47 34 70 40 23 89 2 75 0 55 43 33 
43 49 13 63 85 6 20 78 98 34 44 90 68 92 63 70 8 95 86 43 
74 47 9 59 57 44 17 7 97 17 24 49 29 53 60 72 37 48 78 23 
45 11 63 24 47 41 56 11 15 11 61 86 95 43 96 3 77 48 11 61 
41 72 29 27 38 67 6 96 16 56 40 16 72 78 44 79 52 72 50 54 
81 56 0 91 31 27 81 77 51 31 37 65 94 58 25 89 19 60 50 91 
68 85 38 21 23 43 36 1 73 94 34 44 13 70 25 43 98 41 75 31 
47 25 41 72 2 89 53 47 15 82 39 92 33 17 33 28 64 13 78 90 
54 55 48 42 55 64 89 51 96 60 41 17 31 22 94 61 68 9 86 57 
55 62 34 78 73 83 44 5 89 72 30 93 48 97 50 2 24 90 39 32 
61 48 6 66 19 7 45 3 3 5 15 78 50 86 20 54 83 21 44 84 
67 91 95 14 77 13 42 40 88 91 24 83 88 28 10 24 35 96 3 18 
87 96 63 33 77 88 66 83 27 56 70 88 30 27 66 93 49 48 93 35 
66 24 13 46 19 74 64 18 3 33 32 37 79 22 63 84 97 87 43 8 
86 14 97 48 18 36 83 81 40 19 19 17 77 10 97 30 21 87 41 6 
