20
91 4 35 39 17 57 86 21 21 69 34 16 87 51 36 9 93 63 66 99 
57 94 12 52 34 88 42 24 81 59 97 81 83 42 34 50 76 25 29 78 
72 81 31 0 57 10 18 42 77 72 78 75 71 62 89 4 51 40 84 43 
14 25 33 31 27 33 45 73 93 98 58 93 7 18 74 25 76 44 6 90 
20 17 42 72 16 82 88 11 50 27 53 88 39 59 39 57 73 14 58 88 
46 95 72 25 78 18 30 15 94 19 48 13 38 24 65 57 34 90 35 28 
66 90 4 28 67 57 52 85 31 99 87 96 97 26 15 52 38 97 18 80 
3 57 75 50 46 30 59 30 21 57 44 5 54 14 54 89 65 18 84 18 
77 13 98 16 6 68 38 73 86 89 47 54 76 32 42 59 58 88 8 81 
16 17 68 53 72 43 52 58 35 18 11 65 51 12 19 79 55 46 2 73 
38 17 33 2 93 20 88 96 52 30 59 74 68 59 23 80 31 37 87 24 
60 51 97 14 65 14 32 27 19 12 3 53 54 39 65 11 21 41 91 60 
52 89 39 75 17 80 82 93 97 14 12 98 66 79 22 10 52 74 1 43 
51 96 9 57 71 7 8 72 50 67 20 39 58 22 5 99 7 78 80 0 
55 72 63 21 32 49 62 52 50 56 89 29 87 49 69 82 81 89 22 96 
26 19 3 29 17 43 58 14 68 9 1 17 40 36 10 60 59 57 26 66 
78 2 7 20 25 84 41 71 43 65 7 30 82 76 99 47 84 26 47 14 
49 93 51 36 70 3 83 68 93 64 44 94 85 87 62 90 30 8 18 75 
95 20 99 10 43 98 55 49 9 84 57 61 61 9 84 19 28 52 1 25 
78 71 53 11 33 37 64 12 78 76 1 66 49 38 30 11 45 48 7 16 
