20
19 94 11 28 33 70 38 93 85 40 3 99 4 2 88 11 72 16 64 39 
26 34 27 11 49 61 85 63 41 95 44 98 16 97 30 82 73 67 85 24 
19 80 37 70 99 49 38 4 88 47 53 89 16 42 33 13 6 42 43 62 
44 77 73 42 16 98 1 37 45 34 45 66 33 67 75 52 71 66 2 91 
44 40 79 14 40 55 29 21 30 73 42 87 74 13 27 13 13 5 77 16 
41 84 60 82 75 78 24 38 16 62 29 86 67 67 9 88 37 46 44 81 
11 47 23 37 48 58 4 49 87 41 21 58 89 92 62 13 46 11 13 67 
53 91 66 43 89 53 63 8 49 18 30 75 6 56 96 83 68 70 70 66 
28 34 94 92 24 81 41 90 96 65 25 40 89 59 1 33 45 49 73 17 
88 43 4 67 57 89 77 4 87 32 63 55 67 69 3 74 35 37 66 72 
96 86 1 8 65 15 29 60 11 62 22 33 7 90 39 82 41 14 67 94 
32 35 49 53 96 33 99 26 43 42 71 35 48 79 55 64 88 99 47 77 
8 46 64 41 93 62 50 10 63 86 48 86 85 32 70 15 83 21 52 68 
22 55 57 70 35 83 0 93 49 16 64 96 98 6 38 80 89 20 10 19 
93 38 28 92 71 27 15 35 54 23 67 71 12 51 50 59 59 37 59 58 
81 29 72 89 23 85 35 71 86 62 19 50 38 37 3 74 64 46 78 62 
95 1 56 23 53 81 86 1 43 38 39 37 71 28 67 6 15 38 10 25 
45 10 23 2 25 38 0 72 68 74 70 19 54 83 34 7 50 33 6 21 
57 37 9 89 46 5 96 75 48 51 89 23 66 21 32 9 98 60 42 83 
21 39 84 58 70 48 32 25 83 45 30 81 54 60 99 91 23 89 61 5 
