20
57 31 74 7 95 96 40 86 66 12 72 0 85 95 9 71 83 39 75 33 
21 38 7 85 2 2 17 29 83 46 12 45 27 38 12 12 31 58 66 6 
36 14 94 37 6 90 64 93 16 3 42 48 96 71 24 71 70 81 6 6 
28 93 29 13 51 90 50 92 65 60 84 90 93 60 83 15 9 98 63 56 
89 60 81 30 43 49 82 81 97 29 19 27 80 23 29 76 50 80 29 8 
21 29 58 78 47 73 3 20 22 41 37 38 77 36 19 96 88 1 86 23 
54 58 21 70 61 7 68 19 30 18 93 8 7 54 22 37 48 94 67 41 
84 85 18 27 49 96 7 49 37 18 96 42 5 56 87 66 95 13 69 76 
64 6 8 64 37 1 3 7 22 67 30 76 80 91 1 39 49 94 51 57 
87 7 75 6 13 18 84 8 72 25 70 64 59 0 6 97 89 28 74 60 
90 50 3 61 55 37 55 12 86 20 4 39 87 11 13 42 46 76 77 76 
62 12 37 36 1 97 12 97 1 61 72 46 67 93 61 42 7 38 82 66 
83 15 27 15 48 53 15 21 0 96 15 61 90 36 2 60 40 8 98 49 
11 46 12 85 31 98 48 38 26 21 29 1 50 24 6 35 45 66 46 40 
7 98 74 69 29 17 47 41 71 62 41 61 66 69 92 29 5 63 85 11 
55 21 30 48 72 57 88 46 94 99 45 26 84 29 60 33 19 40 88 4 
73 83 48 99 52 67 6 2 7 21 13 27 35 54 62 74 1 39 36 48 
16 76 49 31 60 95 28 29 94 97 54 67 84 35 44 90 11 56 31 6 
53 88 83 89 5 26 49 58 82 12 78 79 10 77 71 86 88 51 41 62 
97 40 11 65 96 71 11 36 66 87 27 34 43 57 69 57 5 82 37 60 
