20
2 77 38 0 88 92 63 69 54 57 80 85 30 47 80 79 9 2 77 90 
85 98 96 23 5 36 85 68 31 32 21 51 97 22 11 36 15 60 2 51 
39 67 85 45 2 77 50 49 34 21 37 14 99 59 36 82 1 60 21 51 
26 9 12 10 14 2 47 25 83 89 18 70 63 17 38 70 48 92 80 54 
70 98 69 69 84 56 36 71 63 74 40 11 52 80 52 65 11 90 61 58 
8 37 91 5 17 43 75 70 33 60 32 4 12 25 21 30 58 43 44 67 
3 68 25 3 67 63 86 3 34 68 93 39 64 44 35 35 69 50 40 3 
69 71 72 76 16 52 7 95 39 13 65 69 48 76 45 59 78 6 30 30 
31 21 61 8 72 65 21 53 47 32 8 53 61 32 77 95 22 45 67 41 
55 14 63 43 67 32 62 88 36 17 69 20 61 44 47 46 16 50 87 80 
86 20 99 31 75 49 0 25 20 82 80 99 63 38 81 63 64 93 9 32 
83 64 40 96 66 68 37 90 42 18 63 78 56 56 36 9 47 21 93 55 
48 52 20 51 88 11 13 1 27 75 72 65 41 78 4 54 99 87 83 2 
40 83 66 99 11 23 44 15 64 59 64 85 15 91 37 9 94 0 79 57 
76 68 93 19 87 15 2 27 72 33 81 98 6 21 19 45 15 7 39 33 
58 13 46 76 89 79 14 26 49 41 94 90 21 85 99 85 86 30 33 40 
65 45 29 81 29 58 24 68 6 82 4 23 2 29 10 64 71 67 31 11 
88 41 18 30 32 24 99 74 50 81 50 13 68 44 5 39 3 86 62 6 
99 15 26 85 26 42 43 24 71 34 61 34 67 76 49 89 85 66 77 49 
27 32 74 50 9 98 62 63 18 36 32 8 8 27 17 21 98 0 30 13 
