20
18 5 25 34 77 5 4 73 18 1 78 96 61 45 64 91 3 72 12 51 
0 95 4 19 60 58 66 92 83 48 23 90 97 75 99 12 77 22 78 96 
17 69 29 88 43 63 25 15 30 36 3 98 76 67 89 41 90 87 43 0 
90 16 90 93 54 53 12 10 46 94 33 85 63 2 95 77 83 91 95 96 
88 16 58 11 60 54 99 7 14 99 18 43 66 39 93 24 57 73 74 3 
83 15 51 46 5 40 43 19 0 76 5 41 89 13 5 27 75 95 4 71 
87 70 21 12 43 62 61 50 12 49 68 13 59 5 50 77 72 70 46 18 
99 7 40 32 9 96 45 99 67 12 10 25 78 24 49 49 41 81 43 14 
74 88 50 45 38 88 62 46 72 79 77 68 26 26 6 94 1 52 1 53 
1 82 36 61 62 19 95 10 57 31 99 24 99 99 53 85 18 20 29 21 
18 29 35 32 86 25 56 91 10 4 70 12 75 14 71 91 21 78 52 65 
8 27 42 7 57 62 78 73 23 4 61 86 95 34 55 23 68 36 72 45 
90 81 9 71 44 99 27 83 65 15 83 94 5 81 76 79 34 84 26 40 
90 74 99 58 57 5 78 14 29 6 29 4 72 32 8 10 89 49 53 23 
12 5 59 41 85 28 43 40 3 32 99 8 64 3 27 78 99 21 6 60 
38 19 39 1 5 72 50 15 16 87 33 6 20 59 26 79 15 67 29 72 
55 27 94 97 29 73 71 33 50 13 78 41 27 6 20 32 29 10 19 18 
51 6 16 51 96 92 5 56 2 82 13 78 54 23 12 81 46 3 42 45 
80 57 72 33 84 42 93 57 32 89 93 53 60 98 44 86 41 71 6 98 
93 78 82 73 77 84 92 71 88 69 80 91 47 33 63 40 75 16 90 38 
