20
67 39 1 59 84 53 7 16 63 30 94 13 34 59 80 31 52 72 76 8 
38 57 35 51 38 96 7 47 77 12 14 84 74 22 64 98 65 74 52 32 
56 64 40 95 35 71 42 93 84 47 22 70 95 79 13 55 34 3 5 3 
68 10 25 92 38 5 84 33 45 67 58 41 30 80 60 80 72 11 76 49 
63 73 56 93 95 13 21 68 58 62 64 53 92 94 58 11 79 84 71 50 
1 62 48 9 27 78 20 76 40 73 4 86 52 36 34 32 99 84 85 44 
75 86 59 44 52 49 28 62 14 56 42 39 59 59 0 17 73 57 62 8 
5 51 78 54 38 94 51 81 95 70 73 18 84 55 67 86 89 27 24 43 
42 95 8 78 34 27 95 94 8 89 22 15 41 65 15 91 21 91 86 68 
77 83 43 10 45 16 49 72 16 3 12 31 11 27 52 7 49 89 54 45 
99 6 37 30 30 87 6 95 42 84 79 63 89 7 19 26 94 77 78 35 
94 82 67 46 13 86 12 10 23 41 71 58 74 41 2 13 45 39 87 75 
10 24 9 8 11 96 50 92 88 49 30 82 32 87 45 56 9 78 54 52 
0 40 2 18 27 55 10 87 86 85 68 11 23 12 16 41 60 87 34 21 
67 38 84 66 3 99 7 35 13 24 5 13 48 47 72 78 22 69 26 23 
66 87 72 43 81 61 50 20 43 3 20 64 37 15 11 91 12 95 28 25 
53 49 88 18 58 99 60 84 18 19 61 10 99 51 90 58 50 16 1 89 
82 81 8 37 27 13 28 15 40 85 64 16 54 48 33 61 0 88 57 61 
94 87 25 16 13 86 17 99 96 30 31 57 74 84 85 58 44 88 30 6 
65 27 72 27 26 42 31 90 12 71 45 21 58 0 97 80 76 88 56 73 
