20
58 7 98 16 89 14 14 77 22 69 82 40 42 32 91 97 18 99 21 77 
43 92 70 84 7 87 54 11 0 4 29 58 8 9 49 1 55 70 16 77 
56 49 40 33 4 95 54 52 40 60 18 61 94 40 7 93 48 99 31 50 
40 39 77 56 61 11 73 92 25 13 75 21 68 29 19 63 36 60 29 78 
17 44 37 74 72 18 40 77 42 29 76 50 15 0 45 68 74 99 89 8 
24 97 4 62 98 30 13 33 80 88 78 87 44 94 61 85 79 77 99 70 
73 81 79 82 99 48 68 38 76 84 52 94 46 45 82 77 68 96 46 81 
49 12 0 89 55 48 47 18 94 89 59 84 68 97 80 38 30 28 82 70 
31 60 80 78 78 57 37 10 90 54 29 44 85 99 38 36 84 80 79 15 
83 96 19 48 9 19 53 36 33 9 45 73 8 58 99 21 55 38 96 41 
7 83 21 88 69 58 46 10 19 14 21 31 13 33 52 17 71 10 20 65 
24 63 53 16 68 45 52 70 1 34 49 66 40 29 21 89 87 70 0 86 
82 31 41 8 89 23 84 48 97 7 76 54 74 28 97 73 18 56 72 32 
67 56 50 72 35 82 91 59 59 91 78 54 59 88 91 82 45 1 26 49 
28 40 30 37 70 78 56 75 25 30 84 61 80 24 53 8 90 18 15 14 
96 56 34 89 96 88 25 70 45 51 99 74 45 4 12 26 98 83 90 72 
30 2 36 61 31 49 28 7 56 33 5 60 81 4 55 26 85 89 61 25 
38 69 85 59 38 66 90 32 27 70 18 30 9 53 20 41 51 65 24 54 
98 10 54 29 75 93 95 31 10 89 16 37 71 7 99 58 26 18 15 6 
25 23 82 75 90 41 2 21 18 20 38 36 85 69 53 76 46 73 88 53 
