20
64 9 22 98 7 36 51 79 75 75 11 63 27 43 35 32 89 70 67 53 
11 6 24 65 50 23 80 37 44 65 29 85 80 18 72 79 53 38 94 55 
21 61 84 87 81 74 58 3 9 81 85 67 9 23 88 83 84 0 43 30 
74 15 72 23 11 24 3 97 58 1 25 84 75 17 73 14 56 86 80 57 
10 77 33 55 70 67 55 1 48 43 36 80 24 71 54 44 98 67 79 4 
58 80 37 67 18 81 20 1 53 73 50 88 5 54 37 49 97 57 43 75 
27 36 60 62 84 41 14 61 88 47 1 63 1 20 92 74 68 54 25 55 
80 21 92 45 10 80 48 86 58 11 31 91 18 14 76 72 87 16 0 35 
54 69 66 21 55 73 90 40 45 36 21 47 25 12 68 28 79 85 58 52 
56 30 34 53 86 31 61 90 11 37 31 63 31 55 17 30 6 32 35 21 
90 92 8 28 96 22 50 87 28 35 33 25 66 73 21 62 64 50 91 36 
84 84 52 91 97 5 63 16 54 41 15 90 98 38 90 67 14 34 49 63 
68 85 69 88 88 80 58 61 8 29 58 13 97 83 25 80 97 79 41 36 
98 37 57 76 74 54 23 2 78 44 47 75 53 59 72 70 69 84 14 50 
23 81 24 3 25 67 67 39 31 31 5 32 11 28 15 19 9 0 80 0 
56 74 87 86 61 72 82 39 78 64 32 45 57 62 82 62 10 66 47 36 
7 12 26 94 28 87 72 31 91 56 33 70 81 5 41 0 79 13 78 12 
8 22 64 70 20 20 82 20 87 30 49 18 6 23 98 18 66 28 7 76 
70 82 42 57 62 63 20 73 97 12 81 96 75 62 82 93 53 86 21 53 
28 53 68 95 88 73 73 52 72 7 39 22 87 71 14 31 62 15 40 95 
