20
68 13 89 45 17 40 9 17 35 86 47 82 33 79 60 61 68 95 25 14 
26 46 33 34 16 23 79 13 68 83 26 75 77 30 45 74 23 53 56 51 
64 50 1 68 77 70 4 35 48 29 85 58 82 31 74 46 38 8 10 65 
85 67 67 89 2 45 52 59 64 23 85 9 11 73 4 1 86 13 35 29 
76 15 51 84 45 84 61 10 38 83 18 29 12 72 42 93 65 91 24 93 
42 95 13 97 50 28 91 47 8 10 8 86 26 74 25 44 44 65 33 45 
71 62 44 78 5 53 84 61 76 11 33 0 73 36 0 47 42 0 79 2 
2 71 93 72 45 82 22 11 71 46 26 45 54 91 72 77 24 59 68 18 
88 86 51 67 76 87 0 87 60 68 33 51 86 93 76 41 29 24 28 73 
80 76 64 38 78 35 42 16 96 97 59 86 46 71 77 35 22 13 29 51 
36 3 75 77 88 31 21 9 78 47 53 93 90 50 42 69 75 87 80 6 
87 44 74 66 92 23 70 97 66 17 43 26 52 89 51 39 10 7 95 14 
31 16 59 48 25 47 36 87 94 63 26 54 52 69 82 77 32 28 4 22 
50 82 31 19 17 11 14 54 90 56 99 88 26 77 84 69 46 99 94 39 
68 14 64 51 58 5 80 62 81 19 97 75 7 7 17 94 4 99 78 32 
47 9 28 44 7 94 75 38 8 16 74 41 19 69 69 17 43 80 99 65 
1 18 40 85 67 13 89 61 2 93 31 19 54 56 26 40 90 6 76 8 
91 83 61 2 69 61 43 49 36 16 30 39 34 23 1 91 78 32 15 37 
18 97 54 17 83 35 76 89 96 60 66 12 79 79 68 36 34 1 0 92 
36 66 58 67 87 43 70 58 8 16 46 65 64 79 23 50 9 51 21 46 
