20
86 47 97 22 82 85 87 97 30 57 26 18 34 64 88 85 93 97 83 64 
45 78 91 65 78 82 1 19 46 1 52 15 6 42 68 38 74 2 80 63 
52 57 20 37 87 54 47 35 98 96 90 71 61 47 85 87 28 22 48 84 
97 12 15 94 31 87 71 34 4 28 89 22 17 30 80 47 20 72 94 63 
69 13 44 5 23 25 56 34 13 90 54 60 16 69 32 30 96 10 60 92 
43 75 68 79 46 44 61 12 80 8 39 14 83 48 59 84 29 37 56 72 
93 98 35 76 97 75 8 86 65 5 58 10 79 13 70 38 52 87 1 71 
72 96 63 31 11 57 53 93 79 68 79 91 58 16 71 48 60 80 89 55 
27 52 14 16 82 77 36 28 48 36 6 81 10 23 48 83 38 55 6 51 
91 26 1 78 70 95 74 7 11 51 46 36 89 98 15 86 27 20 48 86 
24 39 22 79 92 88 86 5 17 86 50 36 68 59 61 19 10 70 15 10 
18 56 39 29 22 68 15 64 54 25 34 63 25 19 76 34 38 38 44 76 
79 18 48 83 20 46 95 20 64 66 63 39 56 33 41 51 47 39 32 21 
94 15 17 5 37 18 49 37 30 99 32 14 88 39 90 40 73 20 80 72 
34 33 31 18 90 16 57 65 77 18 27 14 53 37 50 49 97 59 73 64 
47 31 21 20 23 87 10 98 17 25 77 31 94 33 93 22 58 97 61 99 
47 89 86 97 77 42 68 57 13 60 83 45 61 18 78 84 69 20 18 95 
38 78 57 24 51 14 41 49 29 9 64 85 23 23 58 57 82 16 88 93 
63 11 88 11 46 8 25 91 36 52 41 94 49 46 96 33 50 37 4 48 
16 16 74 69 7 42 78 95 18 1 58 8 74 53 44 1 99 89 89 55 
