20
9 30 26 37 71 31 88 60 1 82 98 99 5 13 5 8 29 95 6 93 
19 50 8 53 2 57 73 59 27 98 60 58 5 73 36 9 8 38 40 6 
47 14 90 78 37 86 68 51 17 6 95 81 59 90 50 41 8 33 49 90 
81 77 70 76 96 67 7 48 32 48 88 79 94 6 25 66 17 39 20 85 
2 91 28 43 24 85 39 17 95 72 38 25 7 54 38 19 64 14 14 44 
87 49 58 36 52 35 17 32 16 29 3 78 64 7 11 14 45 91 73 16 
23 72 51 48 32 54 25 53 30 3 57 33 68 91 88 93 74 75 16 81 
57 30 0 46 25 46 49 31 39 43 79 10 8 10 67 64 78 50 58 49 
9 23 49 34 54 0 31 90 32 63 96 62 52 93 33 67 34 55 31 58 
81 15 66 5 92 19 34 74 74 57 74 70 70 69 83 33 12 35 7 68 
63 14 60 92 78 26 72 94 17 42 29 71 45 5 65 16 92 95 74 77 
41 30 92 8 85 78 80 71 45 19 0 5 17 91 92 51 44 44 7 46 
79 16 52 5 59 17 59 7 0 48 51 0 2 20 0 83 95 52 43 0 
78 77 70 27 95 75 13 19 22 18 20 98 61 11 15 57 24 48 2 52 
21 44 80 92 30 48 4 19 3 28 93 84 86 45 23 91 71 0 68 88 
55 38 78 19 88 38 56 49 0 90 2 56 79 54 53 96 34 49 75 53 
15 80 6 48 36 44 79 13 20 36 71 43 77 42 28 8 34 44 44 99 
56 28 76 60 87 10 25 35 18 0 0 51 98 57 58 34 52 66 47 5 
64 15 45 66 3 66 72 70 33 78 33 86 39 86 27 30 1 22 39 12 
63 47 59 81 75 53 68 20 84 60 25 1 96 32 51 50 38 72 78 90 
