20
67 0 96 54 89 67 84 0 1 69 17 6 48 36 16 60 52 32 63 33 
53 27 9 12 93 10 5 68 90 32 98 84 0 18 88 35 9 28 3 65 
89 48 84 21 4 54 20 87 51 66 6 64 95 62 77 13 28 89 83 82 
31 43 44 44 70 38 96 13 10 17 58 63 96 74 32 73 7 13 65 30 
2 34 46 32 6 43 28 43 97 32 45 45 26 94 29 18 20 13 89 68 
36 98 48 78 73 14 95 8 60 81 31 21 78 68 44 62 89 57 45 80 
34 19 3 86 69 92 83 96 55 93 62 36 8 46 29 37 67 90 81 21 
73 57 47 97 21 56 99 9 47 41 78 45 90 84 39 41 84 15 71 30 
94 34 51 88 99 12 25 84 26 37 66 63 16 39 34 97 39 61 72 70 
78 95 61 21 15 85 8 5 72 64 99 67 0 18 73 1 37 1 80 60 
91 30 52 68 88 77 43 27 33 36 77 20 44 48 86 41 64 2 21 91 
76 26 35 57 73 38 45 40 86 83 61 97 62 31 51 73 85 35 9 52 
11 92 90 51 4 57 4 66 82 38 86 44 23 89 54 22 32 67 98 75 
98 15 33 62 72 12 20 85 83 77 75 66 85 90 21 73 35 82 78 54 
68 37 6 85 75 31 51 72 60 3 44 93 64 46 27 52 15 43 92 40 
91 32 0 86 79 3 46 51 14 97 37 52 49 49 28 22 60 96 32 63 
11 17 70 35 91 80 58 61 80 29 83 47 77 51 34 93 90 17 42 6 
48 85 62 72 35 21 41 43 45 10 25 93 94 82 56 57 68 18 66 75 
45 7 34 45 57 71 15 39 7 84 25 45 8 97 61 26 90 57 74 96 
97 75 96 28 26 26 91 78 30 19 79 9 80 28 64 81 53 45 89 83 
