20
68 21 72 74 60 45 56 40 42 78 42 89 13 64 78 29 17 96 57 5 
56 28 32 40 94 22 10 24 33 93 26 69 7 58 94 51 1 54 99 27 
31 66 84 91 72 6 75 39 28 55 34 51 94 25 62 76 83 77 6 52 
6 70 11 32 96 22 90 95 79 92 35 33 7 17 78 24 90 6 98 31 
86 7 51 50 5 37 46 41 80 43 73 49 45 35 63 96 30 11 21 80 
99 81 56 11 83 72 15 10 46 62 96 18 96 48 99 46 44 4 28 98 
24 46 22 75 19 31 1 58 97 53 93 12 72 48 71 65 11 91 83 74 
20 21 6 5 71 31 6 23 45 54 82 10 51 43 48 11 59 1 19 8 
45 76 87 18 26 16 81 67 3 37 40 80 23 97 85 22 64 6 59 0 
82 82 58 63 30 62 1 67 19 61 10 87 58 77 50 35 95 3 68 76 
70 2 90 99 37 43 44 96 8 77 18 97 22 51 20 19 65 4 47 29 
88 61 81 34 68 86 37 25 75 82 86 81 80 39 1 17 72 17 86 60 
21 11 15 69 57 42 61 62 91 84 50 87 78 62 63 52 90 16 3 26 
8 13 58 20 23 1 7 17 12 81 18 36 33 67 45 95 39 22 17 15 
97 12 67 17 28 97 43 94 81 20 68 58 93 6 88 30 0 14 31 95 
67 99 66 79 97 12 0 46 47 14 59 23 61 13 35 99 41 57 43 75 
97 77 80 91 35 91 42 25 74 62 68 37 72 8 79 91 91 56 55 30 
69 96 74 63 11 28 62 29 65 88 55 56 38 85 76 30 32 56 64 55 
4 88 56 5 5 21 26 14 60 2 3 67 69 25 17 87 17 61 40 60 
14 46 34 97 38 8 60 95 52 96 37 35 10 29 15 51 45 71 47 72 
