20
50 40 86 95 5 64 88 49 30 59 8 81 69 1 11 7 71 78 93 65 
88 48 70 1 88 79 4 38 36 66 59 83 74 79 92 52 18 64 19 86 
21 67 74 89 22 11 77 6 47 97 88 7 42 63 77 89 95 4 38 40 
27 52 20 3 81 64 93 3 26 57 76 95 74 40 80 37 30 8 30 21 
20 56 64 72 50 69 0 30 73 24 75 36 99 86 83 92 57 88 70 89 
87 11 7 34 2 84 38 80 63 84 96 69 0 35 22 9 78 54 47 66 
79 93 91 8 6 42 27 61 70 80 39 64 39 62 78 34 7 79 89 79 
15 93 51 10 37 12 26 21 0 20 87 32 20 5 77 45 96 72 2 36 
54 28 22 41 64 39 41 0 97 5 10 52 94 87 36 59 50 56 42 80 
28 16 5 5 42 77 30 43 40 18 15 26 1 95 96 95 78 53 43 58 
91 2 34 96 69 97 87 22 32 76 45 57 15 61 45 28 95 0 65 60 
61 72 60 97 29 15 2 38 10 79 48 72 2 54 74 85 75 64 26 53 
60 6 58 13 89 11 69 95 40 48 85 84 43 54 18 58 54 4 99 56 
80 92 50 5 80 92 35 85 23 41 11 39 46 76 51 91 94 96 24 61 
27 89 76 21 45 97 50 21 89 34 78 17 72 23 23 79 94 94 32 76 
33 49 19 24 66 54 36 9 23 92 24 56 39 83 45 50 24 39 99 10 
85 56 35 65 20 7 81 55 83 56 50 97 51 81 23 96 81 13 10 80 
31 13 49 89 24 54 86 40 67 86 66 24 4 32 76 30 54 10 83 17 
24 7 72 45 66 89 9 22 62 26 58 15 49 2 34 76 46 6 5 72 
28 1 90 47 60 84 3 8 21 11 47 57 72 69 43 76 71 49 14 63 
