20
99 79 12 94 62 53 45 94 90 10 65 61 67 89 25 40 72 21 0 84 
34 64 41 48 36 98 63 97 6 51 27 5 47 53 98 44 72 29 81 97 
9 98 77 82 49 88 32 76 26 66 55 64 23 53 28 66 7 79 78 23 
2 91 25 59 70 80 46 63 71 24 90 47 46 65 4 17 34 10 22 46 
73 55 86 61 71 10 62 27 17 92 24 20 69 5 97 61 63 15 69 56 
4 96 57 62 27 77 43 40 77 40 2 8 0 11 64 14 87 89 65 89 
36 24 22 13 50 94 95 95 1 14 11 97 29 24 56 71 85 25 89 41 
65 76 11 28 91 49 20 14 30 64 71 28 33 5 27 19 85 78 98 22 
44 80 0 6 92 26 22 14 97 23 8 75 51 29 4 21 43 74 50 37 
85 76 43 97 51 8 96 1 12 37 28 59 57 16 92 85 94 10 34 19 
2 29 10 27 19 81 87 81 87 34 4 69 7 17 77 49 96 47 21 0 
44 83 59 79 24 22 78 56 42 51 65 2 67 17 34 56 70 86 63 7 
4 37 86 71 28 56 11 68 6 98 51 13 77 21 11 16 24 47 26 8 
31 64 32 47 62 37 67 82 70 68 46 61 36 74 62 98 65 44 87 64 
11 43 50 92 11 89 61 28 1 95 30 75 97 38 28 26 86 24 51 1 
29 26 96 68 62 51 57 24 15 72 33 84 73 95 92 60 36 80 29 72 
75 1 20 81 80 54 24 17 75 74 78 6 23 50 25 94 21 56 48 99 
51 40 91 47 64 25 50 2 85 57 32 63 13 83 41 14 91 36 14 40 
1 74 79 99 44 29 52 74 27 83 63 77 62 42 62 61 8 21 75 70 
86 86 99 71 14 96 64 73 98 37 35 96 3 89 27 18 55 27 48 57 
