20
55 40 51 81 97 31 78 76 85 20 15 79 33 29 49 10 23 82 42 24 
31 36 65 87 96 18 60 10 21 98 35 61 5 8 11 30 82 32 14 42 
83 1 5 87 23 42 53 13 10 65 12 42 53 77 8 34 31 22 69 63 
21 62 88 54 38 39 28 2 83 2 63 94 27 55 7 42 35 12 20 52 
97 49 62 34 91 69 7 95 88 95 21 51 94 46 6 5 81 7 84 27 
42 2 86 10 15 81 34 37 93 5 13 67 69 96 83 72 48 2 23 92 
64 57 64 48 21 88 78 48 28 73 95 42 96 89 65 54 38 79 23 93 
34 78 49 46 67 81 7 69 50 12 29 66 19 69 33 12 35 86 60 54 
91 0 24 50 21 56 78 37 99 67 73 52 86 24 25 98 35 41 87 49 
90 71 68 24 85 55 47 99 21 83 33 36 44 20 92 41 70 54 56 97 
99 93 24 81 42 23 31 44 1 33 93 16 54 42 95 85 40 10 43 75 
41 29 79 77 33 34 3 25 97 36 54 58 22 65 95 16 16 45 78 96 
67 48 76 19 96 48 87 19 5 3 37 69 46 9 14 74 53 70 70 68 
45 94 5 24 5 77 49 90 27 39 45 81 59 19 52 63 87 95 11 89 
70 53 33 25 60 52 94 37 98 56 2 13 4 69 58 43 77 44 28 59 
61 15 10 33 70 10 78 69 60 62 56 4 22 92 20 68 28 33 43 53 
20 36 66 7 58 80 58 48 88 42 59 99 28 26 91 98 70 2 15 82 
37 63 52 64 82 89 14 21 69 61 21 92 4 96 62 88 34 47 24 2 
22 23 2 15 46 63 82 54 42 65 3 69 41 42 53 74 23 51 96 61 
13 82 57 24 58 41 62 68 73 49 74 49 99 2 82 42 43 69 94 42 
