20
20 19 90 60 40 19 79 25 38 25 18 81 96 7 38 47 45 70 13 63 
37 97 68 30 1 49 47 95 14 96 46 48 95 91 95 6 7 73 87 96 
69 63 33 21 16 34 30 21 82 57 36 41 47 29 36 34 5 91 47 49 
26 29 51 42 86 96 12 20 8 34 2 11 36 41 83 83 88 27 17 68 
55 63 82 63 83 90 48 34 15 79 70 36 9 74 26 94 1 23 27 98 
16 37 3 62 30 36 18 10 37 7 18 5 39 11 25 4 63 48 82 35 
48 94 84 90 31 14 93 63 12 96 57 53 7 24 44 81 25 97 40 96 
40 74 72 56 76 14 34 40 10 93 18 22 37 41 47 79 77 34 18 3 
64 6 47 1 1 95 52 6 42 55 65 22 10 67 25 24 23 43 67 11 
34 15 92 51 67 3 42 27 99 6 23 55 17 66 98 47 45 28 90 43 
61 13 89 33 62 31 4 8 5 78 54 77 52 47 87 80 97 74 71 37 
44 3 49 87 28 80 54 38 70 53 44 70 67 66 45 93 53 84 43 23 
68 75 80 5 57 44 16 39 92 12 51 6 32 64 61 17 88 39 1 45 
74 92 91 42 28 24 1 51 58 14 16 50 99 5 74 93 10 77 45 57 
89 66 8 13 3 96 72 39 99 62 67 40 59 32 3 2 73 20 93 30 
1 95 16 55 50 86 99 72 14 35 34 24 65 24 85 54 56 99 33 66 
4 10 74 62 19 4 65 83 28 58 73 19 92 48 58 84 19 61 73 42 
81 21 16 22 97 42 71 9 83 48 54 61 32 41 26 6 60 84 26 2 
93 57 52 50 0 84 54 62 32 36 51 91 67 43 10 0 49 74 34 79 
20 8 11 61 89 36 90 97 20 40 99 45 8 51 6 58 81 41 94 48 
