20
67 91 89 2 51 10 55 92 40 70 5 32 27 73 73 23 61 47 52 14 
88 59 15 87 7 63 89 10 18 92 17 57 85 14 92 44 98 87 71 35 
2 3 45 4 57 10 69 96 75 99 41 36 82 51 61 26 10 3 31 17 
24 81 71 95 90 78 58 15 92 95 53 13 98 25 17 52 52 18 19 28 
41 99 17 84 16 97 94 0 1 56 22 23 62 71 36 62 43 86 47 4 
17 64 73 62 23 24 32 52 19 67 78 26 39 84 80 74 28 79 72 33 
71 63 6 24 83 65 49 82 33 42 14 95 92 96 73 68 13 59 90 12 
38 96 5 90 98 59 38 18 26 87 10 47 32 27 74 28 83 91 2 16 
58 30 59 0 24 11 92 85 80 65 51 97 24 89 94 47 44 49 98 56 
38 14 18 38 24 9 46 1 9 8 98 45 64 61 32 76 36 45 37 92 
23 30 61 30 43 47 88 61 65 85 38 14 0 46 53 39 88 12 37 4 
64 42 53 69 26 68 41 26 18 31 75 79 30 31 35 29 0 4 41 71 
41 28 57 70 52 23 38 52 60 36 16 93 79 10 53 56 64 85 73 84 
9 48 38 87 36 18 81 18 4 89 96 32 14 83 63 66 17 58 89 21 
88 97 41 76 89 87 56 51 72 69 81 55 36 94 91 13 92 39 50 90 
46 1 99 18 97 45 40 63 75 76 80 73 11 55 46 17 94 66 27 22 
77 32 54 13 52 24 9 71 58 35 0 32 18 36 17 49 11 24 99 11 
55 66 65 51 10 21 43 92 58 96 73 62 34 17 85 63 28 66 37 68 
83 63 80 35 91 45 78 43 68 64 38 89 58 15 76 16 23 13 60 49 
71 46 38 14 27 37 26 79 6 74 1 47 7 34 51 6 56 33 72 51 
