20
15 48 84 92 49 52 43 46 82 17 19 29 28 3 68 23 61 2 23 92 
31 4 41 27 41 11 0 68 82 54 20 55 91 0 40 95 55 30 44 30 
38 1 63 61 60 91 26 39 11 52 69 36 72 83 55 25 15 14 94 73 
13 94 96 81 26 70 61 93 99 56 69 90 78 91 41 2 5 13 88 72 
60 81 21 47 24 65 61 48 13 79 46 77 74 32 30 3 35 12 66 4 
35 33 18 67 94 88 62 6 47 33 78 65 88 0 4 58 92 15 41 69 
50 54 70 22 42 1 17 53 20 83 1 55 79 53 97 21 36 25 23 43 
95 1 85 2 0 86 62 32 17 91 71 54 26 10 8 65 96 52 43 96 
34 65 92 38 57 65 6 53 20 90 88 98 31 77 41 13 30 5 12 92 
76 41 85 22 97 48 56 97 80 94 53 86 70 14 23 41 82 53 93 42 
89 64 26 73 57 97 79 24 7 35 29 58 22 0 27 76 36 65 10 78 
29 66 41 75 13 36 43 31 74 95 29 36 60 18 19 94 50 9 94 9 
27 53 11 67 68 32 48 87 28 70 96 52 40 77 95 66 84 1 99 4 
76 33 36 5 41 86 10 10 44 71 47 70 91 99 60 58 61 30 72 19 
14 36 26 89 57 45 29 58 44 0 57 68 12 66 8 47 81 85 66 78 
33 32 84 78 86 77 10 96 97 88 32 99 44 97 36 70 0 85 52 28 
92 10 51 60 7 17 54 4 51 10 29 96 74 33 99 4 73 29 74 33 
28 30 59 87 63 66 16 57 33 45 39 2 30 91 63 24 47 81 84 70 
35 25 98 96 8 99 74 9 6 4 60 35 5 37 54 80 0 36 71 60 
91 21 49 95 85 78 69 0 25 62 5 57 54 80 68 6 90 43 5 2 
