20
17 98 31 62 88 54 21 93 15 95 97 44 77 73 51 45 68 38 71 91 
51 69 48 30 84 32 53 41 91 33 52 74 6 30 29 44 3 95 68 62 
48 13 16 8 18 12 5 86 45 1 79 1 4 76 94 58 88 2 28 87 
40 64 94 59 55 86 46 47 56 38 70 33 78 74 85 88 71 59 48 74 
21 35 13 68 34 17 5 67 26 86 22 78 58 94 92 2 87 78 79 43 
60 50 28 83 98 92 37 77 70 79 36 17 66 78 65 4 54 27 80 16 
17 32 36 21 7 34 67 35 82 85 71 55 36 0 2 62 45 16 57 68 
78 53 52 26 24 22 36 21 90 52 16 98 41 3 84 19 98 77 30 0 
31 99 25 22 24 57 31 10 30 85 9 82 54 60 74 86 61 99 99 61 
52 71 19 54 61 56 49 44 1 93 65 62 96 46 50 36 73 73 31 65 
42 8 87 81 66 49 89 9 8 28 48 91 62 56 16 59 27 18 53 39 
3 83 50 92 87 76 89 83 11 70 66 74 64 13 31 35 27 69 70 39 
85 40 54 82 83 71 42 7 95 37 53 27 55 8 48 47 40 53 6 15 
29 81 40 36 41 17 12 49 87 3 22 35 98 37 4 37 56 76 58 26 
74 29 47 11 47 90 73 52 50 96 42 21 79 68 86 11 80 1 26 61 
61 47 4 62 0 36 10 66 43 55 38 94 76 36 15 38 92 52 37 55 
13 61 28 34 47 18 35 42 71 48 0 19 5 35 60 63 24 19 48 64 
99 85 29 65 68 7 83 74 98 24 20 94 1 87 10 3 94 59 59 98 
38 93 68 30 49 92 78 23 43 0 80 20 44 16 68 31 75 47 80 23 
46 38 53 99 3 20 71 45 91 34 15 9 58 84 75 70 37 55 65 78 
