20
9 83 93 68 73 9 58 87 5 84 13 71 60 18 85 23 27 6 11 76 
53 16 91 58 28 56 15 26 61 58 1 47 76 72 89 75 90 14 59 99 
90 21 88 66 72 80 3 21 83 56 94 34 70 14 29 3 48 66 37 45 
51 84 88 26 36 64 51 20 70 53 75 97 68 93 32 52 7 50 78 58 
0 22 80 38 55 11 10 27 41 6 11 8 25 34 61 81 24 8 43 88 
76 49 46 77 68 2 47 84 24 11 68 82 81 36 72 33 49 77 6 47 
53 30 6 85 98 37 98 77 88 65 89 4 20 11 60 51 98 12 95 97 
65 78 21 53 92 94 70 60 83 48 59 42 74 61 79 76 53 19 62 22 
97 70 97 77 93 31 32 96 35 51 8 14 91 12 30 28 99 92 32 86 
29 61 72 47 12 46 90 67 32 8 8 8 93 21 0 26 19 70 63 28 
18 93 15 70 18 25 15 3 2 48 27 50 34 4 88 70 18 62 2 78 
14 96 85 35 85 56 9 26 36 3 76 58 23 13 63 54 51 64 8 65 
7 35 31 73 1 29 76 5 32 75 74 16 71 40 22 70 61 28 25 3 
84 27 95 23 28 4 91 25 44 52 61 10 40 70 76 70 91 62 83 25 
37 27 40 87 85 62 56 65 72 83 83 33 36 47 5 2 1 64 1 55 
53 34 62 24 68 68 63 80 57 65 60 19 66 23 51 83 91 24 31 47 
98 95 2 96 38 62 81 14 9 67 49 11 69 37 60 19 42 27 93 7 
62 73 97 62 88 97 69 68 34 0 45 79 33 76 8 34 65 41 82 15 
49 46 79 97 2 19 96 69 50 52 92 9 11 77 57 30 17 47 65 26 
76 18 86 62 23 28 41 82 22 97 50 54 90 53 28 35 60 48 40 30 
